.Random.seed <-
c(403L, 10L, -1937092276L, 1220238095L, 1534414405L, 1786886140L, 
173502034L, 846050253L, -1042350713L, -757319570L, -925777848L, 
86749771L, 920612777L, -1133568264L, 322239014L, -408358079L, 
1230821587L, -88482686L, 775150260L, 1449446967L, -1327712979L, 
-1118552508L, -1205533846L, -1163964459L, -88417937L, 491680886L, 
2071814048L, -358971293L, -1119728383L, 65994864L, 1427934222L, 
1322642553L, 841104395L, -380586694L, -177109956L, -253848705L, 
-230776619L, -751184660L, -1126109630L, -649141859L, -627944425L, 
-924219010L, -263729352L, -1076066277L, 761661817L, 1281880008L, 
1625076726L, 2091607601L, 1100849251L, -796139470L, -2009244284L, 
1064756167L, 2011809437L, 766094868L, 770880698L, -1495457531L, 
-169917729L, -1898959002L, -2052815120L, 1289633299L, 749688753L, 
-210918816L, -1010475010L, -809136247L, 1511491771L, -1489410934L, 
-148080788L, -148175633L, -1605456091L, 2042780124L, 951142322L, 
1879559853L, -848304537L, -1243245170L, 327361128L, 1871224427L, 
443824137L, -119478632L, -1716624954L, 613855521L, 269844915L, 
689028386L, 1783379732L, -1434620009L, -1901858931L, 653021860L, 
1787288714L, -1287023883L, 794424655L, 2145436246L, -1743445760L, 
1606898755L, -1699940383L, -1682172080L, 620628398L, 442140505L, 
1657179499L, 1083954394L, 2033180060L, 374178207L, -497269771L, 
-386067828L, 1725445986L, 387942205L, 1633845175L, 120433758L, 
-365559400L, 2050049275L, 2068738201L, -1010237144L, 1058494422L, 
1569903697L, -1214071037L, -1159956846L, -520285148L, 1329781479L, 
-819613891L, 1558523828L, 1317311514L, -686313627L, -323022337L, 
798227590L, -824033264L, 1185784499L, 1597907281L, -1332240128L, 
-1141185570L, -28110807L, 510339035L, -1001679638L, 1617048204L, 
1140010447L, -944512635L, 285284924L, -822100206L, -1705810931L, 
1682550599L, 1110232366L, -1144501112L, 1733040523L, 835445097L, 
827018040L, 2117580262L, -520466047L, -812464877L, -216104254L, 
-1046262412L, -890966665L, -1491839379L, 1212758276L, -687453142L, 
-1015397995L, 389772847L, -444001482L, 53996384L, -1469263453L, 
-235105599L, -1371829584L, -1433705010L, -1045440199L, -1226795701L, 
-311075078L, -328839172L, 271724607L, 686369045L, 905703980L, 
538722050L, -245412899L, 33105623L, -809176642L, -815991816L, 
1776199643L, -428254663L, 1112988552L, -415683786L, -1358874255L, 
-1275407453L, -178461966L, -810065340L, -1987695353L, 1600206045L, 
-1086709292L, 1997186298L, 1031060549L, -1227748193L, -1230467546L, 
340265648L, 1389967187L, 128963185L, 435322784L, -1576495298L, 
64429641L, 952613627L, -2039387446L, -749265876L, 288793647L, 
1894075621L, 1684546972L, -64780302L, -1311813011L, -930326617L, 
-1007449650L, -1919942872L, -1761020629L, 1589147465L, 777632856L, 
1593592070L, -720349983L, 1015927923L, 249471202L, -48306092L, 
93728087L, -1923302067L, -895295260L, -1970455350L, -21761739L, 
2105005967L, -2088074090L, 348507200L, 1745239299L, 2017038625L, 
-956245488L, 656253422L, 376821145L, 313102891L, 1281311514L, 
62544348L, -2086891553L, 522000309L, -990405292L, -1383969560L, 
2064386298L, -2080547120L, 99060524L, -1700255500L, -1179410030L, 
1384138080L, -302238708L, -749007648L, 2089587298L, 1670849704L, 
1124287564L, 1897439100L, 1585330482L, 234431088L, 1681896260L, 
-1741784104L, -812733574L, 452933680L, -936476740L, 1757948500L, 
-1270288318L, -1452702048L, 742818492L, 1909736400L, -1620863646L, 
-6422808L, 1378704588L, -862103044L, 633757170L, 1821187200L, 
-148538892L, 1164722824L, -613811398L, 1824499024L, -580483988L, 
1450380692L, -1042618286L, 384990688L, -647908148L, 1120181920L, 
223007106L, -1232723736L, 2108050156L, -157672132L, 568969330L, 
118645360L, -1270326748L, -2067503048L, 145471770L, -1126046512L, 
254122300L, 2129712020L, -1537353854L, 1801243584L, -954214852L, 
-1775206000L, 1911629858L, 2061274376L, -1296177012L, 1621135132L, 
33815698L, 943836544L, -2050592748L, 1096984360L, -1738299846L, 
-294712880L, 1889665388L, -1847034956L, -1619078638L, 654890976L, 
883227084L, -902424352L, 259290146L, 1085176616L, -1151407604L, 
-1071828164L, 1316194290L, -61062416L, 232606276L, 1666954840L, 
-147613894L, -664004624L, 2016930492L, 173212948L, 782232770L, 
-1298928544L, -722682500L, -341868592L, -1508423390L, 1803423400L, 
268042124L, -799808324L, 1101796146L, -44616128L, 42415284L, 
-872117176L, -853930566L, 1247812112L, 1868254444L, -1995894444L, 
11582226L, -1873951328L, -601353524L, -748860832L, 668215234L, 
262349608L, 1263739308L, -1882491588L, -2011102350L, 710174000L, 
-1489969372L, -397351624L, -1397905702L, -1548077168L, 1581646588L, 
712874900L, -881351614L, -1272288000L, -1996455876L, -886633136L, 
2017178786L, 932608840L, -1989054708L, 1004785372L, 1427752786L, 
2108614272L, 329224276L, -1128021016L, -1856189702L, -1506546352L, 
-855853268L, 1330473844L, 1909506962L, -669808032L, -1724026996L, 
-1436772512L, 1628249058L, -321303640L, 85265612L, 783124988L, 
-137670734L, 474553840L, -1909015100L, 454488408L, -10394246L, 
-1379361360L, -1824783428L, 841001044L, 1185750978L, 1581348896L, 
945115324L, 2081618512L, -655058974L, 2145574504L, -1239146932L, 
1173022972L, -782651406L, 1182106880L, -2060289164L, -1701152760L, 
899320250L, -107164208L, 1134679020L, 1499147156L, 1065880530L, 
2049118048L, -1077544628L, -904224480L, -685019262L, -99291416L, 
-1878099732L, 744734268L, -259415182L, 2091427440L, -387806172L, 
1539596088L, 1187168410L, 701212368L, 491373756L, -1067341164L, 
-437699966L, 1910960320L, 1898808636L, -1577351024L, 1914756642L, 
-1283794424L, -1239984884L, -425549156L, 755897874L, 1112117632L, 
-867204588L, -1932943832L, 670753082L, -1284432944L, -893145492L, 
368818996L, -1142271342L, 1188160864L, -629525172L, 2071880672L, 
2058387362L, -56680536L, 1624379276L, 657824444L, 500218738L, 
-224141072L, -798544828L, -1055371944L, -2093158342L, 657343344L, 
-595266500L, 1237003028L, 1001704898L, 912051424L, 1829959548L, 
-1953040688L, 1566522018L, 1265079336L, 2123743500L, -1887540292L, 
1805231410L, -1596549184L, 218924596L, 1798056904L, 555893946L, 
2130930568L, -199757146L, -1209671085L, -1837192267L, -211183342L, 
-580957472L, 1939054409L, 1714696571L, 645258316L, -387408422L, 
-606003249L, 993304985L, -672280146L, 1198911164L, -1856217299L, 
1309613271L, -785210080L, -392695170L, 749780043L, 382021197L, 
1157862522L, 174822584L, 570269281L, -567057389L, -424439244L, 
1916867650L, 233876567L, -2065356895L, -1758308250L, -1425563548L, 
-1282376811L, 1603505343L, 1663466584L, 1164372086L, 1012308099L, 
392779973L, 1475384802L, 872078416L, 2014688633L, 1137773227L, 
1906922012L, 1941417290L, -225503937L, -1017670775L, -691573858L, 
-1173951924L, -1319916515L, 715367847L, 186194128L, -38090130L, 
-882944741L, -179450243L, -1315382166L, 1095223560L, 1371758001L, 
2070641187L, 1553178404L, -1463670830L, -906238937L, 921902705L, 
1807377590L, 1871733844L, -1972609819L, 71870703L, 802495528L, 
889735302L, 1443943091L, -184282091L, -1432066446L, -630103360L, 
1865295657L, 2049557915L, -1102364052L, -47237510L, -2090932305L, 
1272808121L, 1800039630L, -1335269860L, -572392051L, -662524937L, 
-1786179840L, 652125534L, 1857465899L, -1287044819L, -1475109478L, 
749620056L, -745876799L, -2007304845L, 797312660L, -439143646L, 
552345143L, 1268673281L, -932007418L, -1330163644L, -1310121611L, 
-1206065953L, -242796488L, -622460906L, 888901667L, 1428967397L, 
-1340032510L, -2112346000L, -328360423L, -1707835381L, 1416747772L, 
-1458779350L, -1497113249L, 2109043945L, -2076081154L, -678101012L, 
2021067581L, 43894535L, 919789296L, -676839794L, 209926331L, 
-2129941347L, -1351917494L, 236962408L, 691064401L, -1812892349L, 
1928913988L, -2123806990L, -1491546425L, 1115763857L, 317205014L, 
365009012L, -1969448187L, 480194895L, -1103531192L, -513916186L, 
1072198675L, -1699394699L, 1637083986L, 630414240L, -1511805303L, 
-655648069L, 812531980L, -728449894L, -461028849L, -459438503L, 
-144532754L, 510071164L, 448356845L, 49606295L, 1642146144L, 
1897073982L, 1466670603L, -980129139L, 1208592314L, 1274189304L, 
